
Rml ->
[[ 9.97554655e-01 -6.98865634e-02 -7.60809042e-04]
 [ 5.20908394e-02  7.50709536e-01 -6.58575536e-01]
 [ 4.65967275e-02  6.56925460e-01  7.52514242e-01]]

Rrm ->
[[ 0.99997588 -0.00620233 -0.00312537]
 [ 0.00205621  0.69420871 -0.71977083]
 [ 0.00663391  0.71974704  0.69420472]]

Rlr ->
[[ 0.99759898  0.04686288  0.0509917 ]
 [-0.05317909  0.04667933  0.99749337]
 [ 0.04436516 -0.99781006  0.04905937]]
